,Id,MSSubClass,LotArea,OverallQual,OverallCond,YearBuilt,YearRemodAdd,MasVnrArea,BsmtFinSF1,BsmtFinSF2,BsmtUnfSF,TotalBsmtSF,1stFlrSF,2ndFlrSF,LowQualFinSF,GrLivArea,BsmtFullBath,BsmtHalfBath,FullBath,HalfBath,BedroomAbvGr,KitchenAbvGr,TotRmsAbvGrd,Fireplaces,GarageCars,GarageArea,WoodDeckSF,OpenPorchSF,EnclosedPorch,3SsnPorch,ScreenPorch,PoolArea,MiscVal,MoSold,YrSold,SalePrice
Id,1.0,0.024105051233859268,-0.029078682094102356,-0.018116997315058662,0.03474742246616403,0.005659887479419851,-0.006435866317417577,-0.04042311609081387,-0.00425215407114103,0.002436806957355167,-0.01609070032442091,-0.020464620087124897,-0.01718843592424244,0.00046908969154321577,-0.05154838632565143,-0.017331575728214442,0.0132884253602931,-0.01762460449211311,0.00545039008261305,0.02317255975177613,0.04219970658673229,0.006801594453040171,0.01693064866004965,-0.05644102258620093,0.02039571624929219,0.037369530222588564,-0.006019017396511582,0.017802641160819137,-0.019413079084347324,-0.07422751484578068,0.00017461104280630765,0.0061506108808277084,-0.007724185343958305,0.024592919058793402,0.017428768474326665,-0.00952508245584132
MSSubClass,0.024105051233859268,1.0,-0.11527880603177085,0.04110203381708582,-0.05775447624138757,0.029721487083777892,0.04392601592966609,0.015992873824261962,-0.06234446488417396,-0.03447346280841008,-0.15363282270028072,-0.24088051963102494,-0.2603122932479317,0.2968250094005466,0.05712696288001775,0.06875192442789696,0.029865873586919816,-0.01066175493653775,0.13495828295656703,0.16010619093575867,-0.02044036891988714,0.2685970378260525,0.02215012517862333,-0.025217429547388558,-0.051260645323456186,-0.11658238036157753,-0.024661184759567648,0.012559690956821119,-0.01773497228371837,-0.04079950846983749,-0.015886419748662492,-0.013268368256920711,-0.01908636482794322,0.026961095650815368,-0.03303279914418305,-0.08125201087004587
LotArea,-0.029078682094102356,-0.11527880603177085,1.0,0.0997151845073879,0.003108053759632441,0.00495147524385451,0.012234100663076614,0.08025141400905002,0.19458104971677193,0.12093255196687418,-0.007978158151430267,0.24311605832782812,0.2737314715887544,0.036707807206535444,0.00023114341359552136,0.23188520321108033,0.16516478275032392,0.06178697284691285,0.12885580248579268,-0.007306069905379886,0.09959671564438538,-0.0240279208694051,0.16178824060350677,0.2668898442222576,0.1387668069006005,0.1498907901938442,0.18229622001661724,0.06151699892346621,-0.010237438492728417,0.012324372179684816,0.04391977471835817,0.024137180562608752,0.03137977811678428,0.006856101427600921,-0.015486971582957643,0.265493220707543
OverallQual,-0.018116997315058662,0.04110203381708582,0.0997151845073879,1.0,-0.09487272903060075,0.568318264926554,0.5626428431478576,0.4193366781899743,0.20978549431999016,-0.046796258891054626,0.32088664569410497,0.5398648087883554,0.47879595721712,0.3086838770475415,-0.04022528802829508,0.6105120771889079,0.08860431780621489,-0.03659156378257664,0.5555736813917093,0.2938899604276487,0.1183493497140947,-0.18253875211211051,0.452100475140725,0.3950432911694231,0.6381693033969557,0.5922676485122198,0.23921115033756585,0.31429199605264824,-0.1055128429598292,0.01685670317454521,0.092738241751324,0.02436897618321748,-0.03336668768319835,0.08783440786000063,-0.0222233434503126,0.7976658974197098
OverallCond,0.03474742246616403,-0.05775447624138757,0.003108053759632441,-0.09487272903060075,1.0,-0.40892077095591567,0.07169582166577966,-0.1500980390159044,-0.04484686762312783,0.04583128919240539,-0.14709196388294546,-0.18408634403445528,-0.1550432096104379,0.030562319294750465,0.04712996593136717,-0.08273117996722372,-0.03338911103909092,0.09297851784838984,-0.1952412214418929,-0.06433566727949057,0.01897932337851368,-0.09043327104101312,-0.06371724073379044,-0.023711191314745347,-0.18104650915697865,-0.14358969215092446,0.02167468865067288,-0.02466506877862492,0.05563084979856524,0.005032060880348036,0.06281402251335201,-0.018844244187265328,0.08478022998762644,-0.025898866056503024,0.04135342600212212,-0.09581575229152983
YearBuilt,0.005659887479419851,0.029721487083777892,0.00495147524385451,0.568318264926554,-0.40892077095591567,1.0,0.5714329230808066,0.32694712708244333,0.23892984781045054,-0.03504689741101019,0.15057922412173216,0.3954891155217529,0.2911250657049051,0.038359951033366285,-0.19829163294425636,0.22622863051782274,0.16132244811968383,-0.04291954753115008,0.478283329370868,0.2651016928711252,-0.039266588004674426,-0.1706867084528168,0.1258028352039145,0.16414854476376903,0.5421084797931289,0.4939351008695903,0.22853629221876823,0.17720449129798216,-0.3738324957525306,0.029893506929301646,-0.035541562740886226,-0.033131611554686906,-0.040592219673967894,0.029076084937709464,0.011277288236916516,0.5271931928727538
YearRemodAdd,-0.006435866317417577,0.04392601592966609,0.012234100663076614,0.5626428431478576,0.07169582166577966,0.5714329230808066,1.0,0.18623763232388837,0.12410445669200705,-0.07109586013384751,0.17789989026993702,0.28973794886122883,0.24039345330945952,0.18243434775194625,-0.07694493056684858,0.3243264031322565,0.0972844329903789,-0.02088561056017064,0.4399514097080622,0.21337485652459123,-0.0023220558333731465,-0.13943333135069008,0.22713285927394214,0.1258540549905573,0.43388782873682546,0.3816118873068805,0.221437725238527,0.24997090704470482,-0.19607092705877013,0.019946484614363203,-0.014483656677743404,0.021244493777937662,-0.002730229066380605,0.040424354019029045,0.05046027098118674,0.5261947492983661
MasVnrArea,-0.04042311609081387,0.015992873824261962,0.08025141400905002,0.4193366781899743,-0.1500980390159044,0.32694712708244333,0.18623763232388837,1.0,0.24834195553805136,-0.06837934261306297,0.1142496649888438,0.3537459935868147,0.3535973357220639,0.18246590818410754,-0.07353698130304137,0.4062066256150883,0.058624587999171245,0.022842326234840525,0.28815081618602995,0.2117221299609746,0.11913700538025233,-0.04544828856863838,0.30564676012665604,0.269602638741852,0.3764667716019685,0.3709104652399405,0.17672221765438334,0.09689492563638392,-0.08575331944721205,0.008980630383775954,0.06977712047318552,-0.01273717436533255,-0.02978639646480886,-0.01105563100261056,0.007203816194219522,0.49288912579118827
BsmtFinSF1,-0.00425215407114103,-0.06234446488417396,0.19458104971677193,0.20978549431999016,-0.04484686762312783,0.23892984781045054,0.12410445669200705,0.24834195553805136,1.0,-0.041570075155481806,-0.5261503112806489,0.4774289440461719,0.4156701661748946,-0.15659285958450753,-0.06716576225628369,0.16389635706517455,0.6608743909342535,0.059881208557545376,0.045116572072925264,-0.0004060984699180553,-0.1012672412889943,-0.05510230507115129,0.053052027506166326,0.2595515064807277,0.22101847089816354,0.26062877855490396,0.21398691840411055,0.05910359036178078,-0.09386213849944741,-0.00018944504804142316,0.06422289980131132,0.038452768322624876,0.001038730588041718,-0.02113758561359484,0.012639198335882219,0.38986762538028785
BsmtFinSF2,0.002436806957355167,-0.03447346280841008,0.12093255196687418,-0.046796258891054626,0.04583128919240539,-0.03504689741101019,-0.07109586013384751,-0.06837934261306297,-0.041570075155481806,1.0,-0.20243485558497537,0.13590863287812563,0.10542353086517915,-0.10669644316669011,0.0034618069086260047,-0.013638600804682611,0.16195138871815232,0.12539577814653846,-0.0686054713477513,-0.04785719968871902,-0.02369334431390006,-0.03826903409946068,-0.061875634686757705,0.06049687286469517,-0.00923941862068753,0.013959189897480184,0.07991241852008593,0.011522894499683793,0.02005398930313124,-0.03394672933787608,0.10652432825498687,0.06533789085097577,-0.015500778543774933,-0.0005236800905160142,0.036305835401374435,0.0003591698094213454
BsmtUnfSF,-0.01609070032442091,-0.15363282270028072,-0.007978158151430267,0.32088664569410497,-0.14709196388294546,0.15057922412173216,0.17789989026993702,0.1142496649888438,-0.5261503112806489,-0.20243485558497537,1.0,0.4230751167693677,0.3312077679931004,0.00866638511440067,0.02556659727705802,0.2525416138948807,-0.4396114523210205,-0.0940631446932745,0.29067371624019556,-0.03863420878300178,0.16960445172891328,0.022549556489407516,0.25224976004517874,0.02942832472985635,0.20887510258251304,0.19073086327594313,-0.006109652648223405,0.1268537770061895,0.00848246703111759,0.018649906139455073,-0.007541375449311644,-0.050599283787709365,-0.03838577375850615,0.03530542705192547,-0.03539658630673181,0.2212192367051065
TotalBsmtSF,-0.020464620087124897,-0.24088051963102494,0.24311605832782812,0.5398648087883554,-0.18408634403445528,0.3954891155217529,0.28973794886122883,0.3537459935868147,0.4774289440461719,0.13590863287812563,0.4230751167693677,1.0,0.8264177406339525,-0.19696769522976654,-0.04210673043781417,0.4327260949833165,0.2930691153680547,0.012885537383428923,0.3267939030606113,-0.05996015213649406,0.06332340386956677,-0.04903598562840896,0.29724919071070854,0.3269255548085669,0.4483090247865177,0.4798252133939778,0.24931495611607632,0.20023282023163824,-0.08158880642209528,0.006125181684722824,0.10123958081401843,0.012643445201246863,-0.04547012337079461,0.014853486293972722,-0.009800564569066444,0.6421266119769794
1stFlrSF,-0.01718843592424244,-0.2603122932479317,0.2737314715887544,0.47879595721712,-0.1550432096104379,0.2911250657049051,0.24039345330945952,0.3535973357220639,0.4156701661748946,0.10542353086517915,0.3312077679931004,0.8264177406339525,1.0,-0.22438035054026137,-0.037149133039308564,0.5369249772533143,0.23674476575409154,0.012704472809913905,0.3689751017405239,-0.12064142987469999,0.12918496313302363,0.08345060845606246,0.40551277841404193,0.3977200384205605,0.4487845926672643,0.48125824781791965,0.247832591309113,0.17851204848672358,-0.0554277021642864,0.018843126862796544,0.11342108961406427,0.020694436817429943,-0.0411178907366328,0.04109559564457934,-0.025908505593156946,0.627749095492003
2ndFlrSF,0.00046908969154321577,0.2968250094005466,0.036707807206535444,0.3086838770475415,0.030562319294750465,0.038359951033366285,0.18243434775194625,0.18246590818410754,-0.15659285958450753,-0.10669644316669011,0.00866638511440067,-0.19696769522976654,-0.22438035054026137,1.0,0.05501983116599447,0.6958944392698784,-0.1652913597878217,-0.011292991605897985,0.4404848571210158,0.6011960444813652,0.4826671433675315,0.03480382291450153,0.6072576285623446,0.1922712216606716,0.2209373974712274,0.16218354029029194,0.06733482808044916,0.2524581941264395,0.08541817486304552,-0.0009364437270808977,0.03382886948429856,0.025722868488842525,-0.028736987368708073,0.06237630097573526,-0.03796660095518699,0.3253288362625248
LowQualFinSF,-0.05154838632565143,0.05712696288001775,0.00023114341359552136,-0.04022528802829508,0.04712996593136717,-0.19829163294425636,-0.07694493056684858,-0.07353698130304137,-0.06716576225628369,0.0034618069086260047,0.02556659727705802,-0.04210673043781417,-0.037149133039308564,0.05501983116599447,1.0,0.11959688126702156,-0.04802143916640231,0.0013343659663408735,-0.0500230948819678,-0.026475252602178898,0.1077208503414261,0.018301182938950146,0.10224661020438862,-0.04062495532110931,-0.0811215668555971,-0.0578494541774491,-0.05199038663338169,0.036282776831968414,0.07695385508532422,-0.0024154188783329636,0.04838724657044486,0.14493658279764318,-0.002095121126774638,-0.03691258559021317,-0.02842944480832859,-0.028580460481146826
GrLivArea,-0.017331575728214442,0.06875192442789696,0.23188520321108033,0.6105120771889079,-0.08273117996722372,0.22622863051782274,0.3243264031322565,0.4062066256150883,0.16389635706517455,-0.013638600804682611,0.2525416138948807,0.4327260949833165,0.5369249772533143,0.6958944392698784,0.11959688126702156,1.0,0.0273230478714268,-0.00021448535068824097,0.6417557836437126,0.4228676791834651,0.5179232053073443,0.09269532050368227,0.8262580550903152,0.45158743450284466,0.5094497383437426,0.4853365385512907,0.23388411097859538,0.3501533960669009,0.04009271977945357,0.012759651086015128,0.11681487189281237,0.05160495130078705,-0.05488740260878947,0.07973201833191959,-0.05426429640168928,0.7349973806579478
BsmtFullBath,0.0132884253602931,0.029865873586919816,0.16516478275032392,0.08860431780621489,-0.03338911103909092,0.16132244811968383,0.0972844329903789,0.058624587999171245,0.6608743909342535,0.16195138871815232,-0.4396114523210205,0.2930691153680547,0.23674476575409154,-0.1652913597878217,-0.04802143916640231,0.0273230478714268,1.0,-0.16487287612820603,-0.06705422163264098,-0.04959366858050876,-0.12337645464997476,-0.018696210827431656,-0.03657612662023633,0.1458835526025628,0.10792938322016613,0.1414750109984202,0.1777336738059889,0.03954110790605758,-0.03462008239983706,-0.009273047644596983,0.030791035515502566,0.04831799547338761,-0.021292076341602014,-0.016310209115294245,0.05908146591430262,0.21656572158828274
BsmtHalfBath,-0.01762460449211311,-0.01066175493653775,0.06178697284691285,-0.03659156378257664,0.09297851784838984,-0.04291954753115008,-0.02088561056017064,0.022842326234840525,0.059881208557545376,0.12539577814653846,-0.0940631446932745,0.012885537383428923,0.012704472809913905,-0.011292991605897985,0.0013343659663408735,-0.00021448535068824097,-0.16487287612820603,1.0,-0.04367722349855613,0.013340733467621683,0.06806530824398598,-0.04995170328312047,-0.0120955766526932,0.054805019302928026,-0.035414103689690266,-0.0302472583333261,0.06794328553355432,-0.021440272583349775,0.015523644852742942,-0.004647401390828411,0.0390927917086541,0.07039241288296291,-0.005915332169270241,0.0432875227765186,-0.050254632101108185,-0.009388620379388897
FullBath,0.00545039008261305,0.13495828295656703,0.12885580248579268,0.5555736813917093,-0.1952412214418929,0.478283329370868,0.4399514097080622,0.28815081618602995,0.045116572072925264,-0.0686054713477513,0.29067371624019556,0.3267939030606113,0.3689751017405239,0.4404848571210158,-0.0500230948819678,0.6417557836437126,-0.06705422163264098,-0.04367722349855613,1.0,0.14010249208777148,0.3704145517141821,0.1400953087850617,0.5651917612051879,0.23116836530525048,0.4715377306666502,0.4067511489071157,0.16893997048874063,0.25427134930248774,-0.08805888058328244,0.028842111587746,-0.00916967664578353,-0.010055117424555086,-0.042700129516484595,0.07572613181297161,-0.010645154787357008,0.5599798350976868
HalfBath,0.02317255975177613,0.16010619093575867,-0.007306069905379886,0.2938899604276487,-0.06433566727949057,0.2651016928711252,0.21337485652459123,0.2117221299609746,-0.0004060984699180553,-0.04785719968871902,-0.03863420878300178,-0.05996015213649406,-0.12064142987469999,0.6011960444813652,-0.026475252602178898,0.4228676791834651,-0.04959366858050876,0.013340733467621683,0.14010249208777148,1.0,0.20928671548347616,-0.12575182290039616,0.3251686675811433,0.22380491852848317,0.2582100517248612,0.19687900059120322,0.08737340966557777,0.239955161911681,-0.1001373446025056,0.02397263933214276,0.08696163469938725,0.015380449704328456,-0.04479047196511772,0.016017071064870443,-0.024749445390721544,0.3040080370497734
BedroomAbvGr,0.04219970658673229,-0.02044036891988714,0.09959671564438538,0.1183493497140947,0.01897932337851368,-0.039266588004674426,-0.0023220558333731465,0.11913700538025233,-0.1012672412889943,-0.02369334431390006,0.16960445172891328,0.06332340386956677,0.12918496313302363,0.4826671433675315,0.1077208503414261,0.5179232053073443,-0.12337645464997476,0.06806530824398598,0.3704145517141821,0.20928671548347616,1.0,0.20077545967977228,0.6754741866501192,0.08221749185318343,0.09749846703130766,0.08297416478351605,0.018833891651729908,0.09531728539128331,0.06450449600972967,-0.02088478350474034,0.006650296672107476,0.03204329680724917,-0.03242048292636884,0.03542037566612119,-0.031183080087681777,0.17328662405935588
KitchenAbvGr,0.006801594453040171,0.2685970378260525,-0.0240279208694051,-0.18253875211211051,-0.09043327104101312,-0.1706867084528168,-0.13943333135069008,-0.04544828856863838,-0.05510230507115129,-0.03826903409946068,0.022549556489407516,-0.04903598562840896,0.08345060845606246,0.03480382291450153,0.018301182938950146,0.09269532050368227,-0.018696210827431656,-0.04995170328312047,0.1400953087850617,-0.12575182290039616,0.20077545967977228,1.0,0.25588105552040835,-0.10704610066579157,-0.05946574618985447,-0.07396350993551175,-0.07971388531814506,-0.09372900401987187,0.018767138539886874,-0.02499170524691188,-0.04870848414155613,-0.009272222070765597,0.020842687894577445,0.04878213854053753,0.006657549901120791,-0.13265366527956887
TotRmsAbvGrd,0.01693064866004965,0.02215012517862333,0.16178824060350677,0.452100475140725,-0.06371724073379044,0.1258028352039145,0.22713285927394214,0.30564676012665604,0.053052027506166326,-0.061875634686757705,0.25224976004517874,0.29724919071070854,0.40551277841404193,0.6072576285623446,0.10224661020438862,0.8262580550903152,-0.03657612662023633,-0.0120955766526932,0.5651917612051879,0.3251686675811433,0.6754741866501192,0.25588105552040835,1.0,0.31789709617620077,0.38955000593048655,0.35427876549043186,0.14604391509227355,0.26890115979400364,0.014633126880017085,-0.014911967806910524,0.06314742256931091,-0.004724032189513432,-0.03878165982721165,0.05364503626980321,-0.050566480147109585,0.5703750379696997
Fireplaces,-0.05644102258620093,-0.025217429547388558,0.2668898442222576,0.3950432911694231,-0.023711191314745347,0.16414854476376903,0.1258540549905573,0.269602638741852,0.2595515064807277,0.06049687286469517,0.02942832472985635,0.3269255548085669,0.3977200384205605,0.1922712216606716,-0.04062495532110931,0.45158743450284466,0.1458835526025628,0.054805019302928026,0.23116836530525048,0.22380491852848317,0.08221749185318343,-0.10704610066579157,0.31789709617620077,1.0,0.3116145014572401,0.2613482441843903,0.21436699025424422,0.15790789336926334,-0.005302118736263177,0.0022006974412163327,0.16646438525611662,0.026695569653372473,-0.03343089421610941,0.05765570367944199,-0.044457879764979856,0.47301149666579617
GarageCars,0.02039571624929219,-0.051260645323456186,0.1387668069006005,0.6381693033969557,-0.18104650915697865,0.5421084797931289,0.43388782873682546,0.3764667716019685,0.22101847089816354,-0.00923941862068753,0.20887510258251304,0.4483090247865177,0.4487845926672643,0.2209373974712274,-0.0811215668555971,0.5094497383437426,0.10792938322016613,-0.035414103689690266,0.4715377306666502,0.2582100517248612,0.09749846703130766,-0.05946574618985447,0.38955000593048655,0.3116145014572401,1.0,0.8846436818435387,0.24036721378561962,0.21118661358768387,-0.12005085232015798,0.023970728056181743,0.05842218923599755,0.0140658570973321,-0.06199364612575277,0.06663955035355563,-0.049685129043508,0.6582036563047226
GarageArea,0.037369530222588564,-0.11658238036157753,0.1498907901938442,0.5922676485122198,-0.14358969215092446,0.4939351008695903,0.3816118873068805,0.3709104652399405,0.26062877855490396,0.013959189897480184,0.19073086327594313,0.4798252133939778,0.48125824781791965,0.16218354029029194,-0.0578494541774491,0.4853365385512907,0.1414750109984202,-0.0302472583333261,0.4067511489071157,0.19687900059120322,0.08297416478351605,-0.07396350993551175,0.35427876549043186,0.2613482441843903,0.8846436818435387,1.0,0.23008697885521834,0.23136209263952312,-0.09560866854745381,0.01617696308858645,0.055665577274010086,0.031497689994677454,-0.048295313737819,0.042923859214646275,-0.038614472330460566,0.6479528331764807
WoodDeckSF,-0.006019017396511582,-0.024661184759567648,0.18229622001661724,0.23921115033756585,0.02167468865067288,0.22853629221876823,0.221437725238527,0.17672221765438334,0.21398691840411055,0.07991241852008593,-0.006109652648223405,0.24931495611607632,0.247832591309113,0.06733482808044916,-0.05199038663338169,0.23388411097859538,0.1777336738059889,0.06794328553355432,0.16893997048874063,0.08737340966557777,0.018833891651729908,-0.07971388531814506,0.14604391509227355,0.21436699025424422,0.24036721378561962,0.23008697885521834,1.0,0.05739584708520704,-0.10887643138746723,-0.03306602021931411,-0.05675370470350957,0.018123929696915047,-0.016526898057493224,0.012599932205169596,0.022001227885281336,0.3249534068107877
OpenPorchSF,0.017802641160819137,0.012559690956821119,0.06151699892346621,0.31429199605264824,-0.02466506877862492,0.17720449129798216,0.24997090704470482,0.09689492563638392,0.05910359036178078,0.011522894499683793,0.1268537770061895,0.20023282023163824,0.17851204848672358,0.2524581941264395,0.036282776831968414,0.3501533960669009,0.03954110790605758,-0.021440272583349775,0.25427134930248774,0.239955161911681,0.09531728539128331,-0.09372900401987187,0.26890115979400364,0.15790789336926334,0.21118661358768387,0.23136209263952312,0.05739584708520704,1.0,-0.0619839058025832,-0.010003888494303828,0.03729420244973627,-0.02656812759719072,-0.04031430546025828,0.07613285303578123,-0.07315382325480725,0.3195510986890165
EnclosedPorch,-0.019413079084347324,-0.01773497228371837,-0.010237438492728417,-0.1055128429598292,0.05563084979856524,-0.3738324957525306,-0.19607092705877013,-0.08575331944721205,-0.09386213849944741,0.02005398930313124,0.00848246703111759,-0.08158880642209528,-0.0554277021642864,0.08541817486304552,0.07695385508532422,0.04009271977945357,-0.03462008239983706,0.015523644852742942,-0.08805888058328244,-0.1001373446025056,0.06450449600972967,0.018767138539886874,0.014633126880017085,-0.005302118736263177,-0.12005085232015798,-0.09560866854745381,-0.10887643138746723,-0.0619839058025832,1.0,-0.03602490974091104,-0.08992649091418634,0.162866691784325,0.0009708531524350989,-0.02120271510668834,0.012306525365299803,-0.11171234439323426
3SsnPorch,-0.07422751484578068,-0.04079950846983749,0.012324372179684816,0.01685670317454521,0.005032060880348036,0.029893506929301646,0.019946484614363203,0.008980630383775954,-0.00018944504804142316,-0.03394672933787608,0.018649906139455073,0.006125181684722824,0.018843126862796544,-0.0009364437270808977,-0.0024154188783329636,0.012759651086015128,-0.009273047644596983,-0.004647401390828411,0.028842111587746,0.02397263933214276,-0.02088478350474034,-0.02499170524691188,-0.014911967806910524,0.0022006974412163327,0.023970728056181743,0.01617696308858645,-0.03306602021931411,-0.010003888494303828,-0.03602490974091104,1.0,-0.03254235105099006,-0.005328080309568362,0.003447229791619019,-0.008889250377584309,0.032977042280355105,0.009682089684677812
ScreenPorch,0.00017461104280630765,-0.015886419748662492,0.04391977471835817,0.092738241751324,0.06281402251335201,-0.035541562740886226,-0.014483656677743404,0.06977712047318552,0.06422289980131132,0.10652432825498687,-0.007541375449311644,0.10123958081401843,0.11342108961406427,0.03382886948429856,0.04838724657044486,0.11681487189281237,0.030791035515502566,0.0390927917086541,-0.00916967664578353,0.08696163469938725,0.006650296672107476,-0.04870848414155613,0.06314742256931091,0.16646438525611662,0.05842218923599755,0.055665577274010086,-0.05675370470350957,0.03729420244973627,-0.08992649091418634,-0.03254235105099006,1.0,-0.012073602127925256,-0.00937123564841454,0.03009739680544903,0.004016691366367453,0.140744074348252
PoolArea,0.0061506108808277084,-0.013268368256920711,0.024137180562608752,0.02436897618321748,-0.018844244187265328,-0.033131611554686906,0.021244493777937662,-0.01273717436533255,0.038452768322624876,0.06533789085097577,-0.050599283787709365,0.012643445201246863,0.020694436817429943,0.025722868488842525,0.14493658279764318,0.05160495130078705,0.04831799547338761,0.07039241288296291,-0.010055117424555086,0.015380449704328456,0.03204329680724917,-0.009272222070765597,-0.004724032189513432,0.026695569653372473,0.0140658570973321,0.031497689994677454,0.018123929696915047,-0.02656812759719072,0.162866691784325,-0.005328080309568362,-0.012073602127925256,1.0,-0.0038420987816436742,-0.07313181759795463,-0.06134584793387968,0.012493258641597378
MiscVal,-0.007724185343958305,-0.01908636482794322,0.03137977811678428,-0.03336668768319835,0.08478022998762644,-0.040592219673967894,-0.002730229066380605,-0.02978639646480886,0.001038730588041718,-0.015500778543774933,-0.03838577375850615,-0.04547012337079461,-0.0411178907366328,-0.028736987368708073,-0.002095121126774638,-0.05488740260878947,-0.021292076341602014,-0.005915332169270241,-0.042700129516484595,-0.04479047196511772,-0.03242048292636884,0.020842687894577445,-0.03878165982721165,-0.03343089421610941,-0.06199364612575277,-0.048295313737819,-0.016526898057493224,-0.04031430546025828,0.0009708531524350989,0.003447229791619019,-0.00937123564841454,-0.0038420987816436742,1.0,-0.021182544158702264,0.0129684065062083,-0.03952096762815393
MoSold,0.024592919058793402,0.026961095650815368,0.006856101427600921,0.08783440786000063,-0.025898866056503024,0.029076084937709464,0.040424354019029045,-0.01105563100261056,-0.02113758561359484,-0.0005236800905160142,0.03530542705192547,0.014853486293972722,0.04109559564457934,0.06237630097573526,-0.03691258559021317,0.07973201833191959,-0.016310209115294245,0.0432875227765186,0.07572613181297161,0.016017071064870443,0.03542037566612119,0.04878213854053753,0.05364503626980321,0.05765570367944199,0.06663955035355563,0.042923859214646275,0.012599932205169596,0.07613285303578123,-0.02120271510668834,-0.008889250377584309,0.03009739680544903,-0.07313181759795463,-0.021182544158702264,1.0,-0.16252816903024325,0.03931403314679538
YrSold,0.017428768474326665,-0.03303279914418305,-0.015486971582957643,-0.0222233434503126,0.04135342600212212,0.011277288236916516,0.05046027098118674,0.007203816194219522,0.012639198335882219,0.036305835401374435,-0.03539658630673181,-0.009800564569066444,-0.025908505593156946,-0.03796660095518699,-0.02842944480832859,-0.05426429640168928,0.05908146591430262,-0.050254632101108185,-0.010645154787357008,-0.024749445390721544,-0.031183080087681777,0.006657549901120791,-0.050566480147109585,-0.044457879764979856,-0.049685129043508,-0.038614472330460566,0.022001227885281336,-0.07315382325480725,0.012306525365299803,0.032977042280355105,0.004016691366367453,-0.06134584793387968,0.0129684065062083,-0.16252816903024325,1.0,-0.030562330357874673
SalePrice,-0.00952508245584132,-0.08125201087004587,0.265493220707543,0.7976658974197098,-0.09581575229152983,0.5271931928727538,0.5261947492983661,0.49288912579118827,0.38986762538028785,0.0003591698094213454,0.2212192367051065,0.6421266119769794,0.627749095492003,0.3253288362625248,-0.028580460481146826,0.7349973806579478,0.21656572158828274,-0.009388620379388897,0.5599798350976868,0.3040080370497734,0.17328662405935588,-0.13265366527956887,0.5703750379696997,0.47301149666579617,0.6582036563047226,0.6479528331764807,0.3249534068107877,0.3195510986890165,-0.11171234439323426,0.009682089684677812,0.140744074348252,0.012493258641597378,-0.03952096762815393,0.03931403314679538,-0.030562330357874673,1.0
